1M 0.43	0.00	0.00	0.00	0.00	0.00	0.00	0.00	0.00	0.00	0.00	1.00	0.00	0.00	0.00	0.00	0.00	0.00	0.00	0.00	0.00
2E 0.43	0.01	0.00	0.04	1.00	0.00	0.01	0.00	0.00	0.02	0.00	0.00	0.01	0.01	0.09	0.01	0.01	0.01	0.00	0.00	0.00
3E 0.46	0.01	0.00	0.11	1.00	0.00	0.01	0.00	0.00	0.01	0.00	0.00	0.01	0.01	0.02	0.00	0.01	0.01	0.00	0.00	0.00
4P 0.46	1.00	0.10	0.10	0.11	0.04	0.52	0.02	0.06	0.12	0.10	0.05	0.10	0.35	0.08	0.08	0.72	0.33	0.17	0.02	0.03
5Q 0.49	0.08	0.01	0.13	0.38	0.01	0.05	0.11	0.02	0.11	0.03	0.01	0.06	0.11	1.00	0.06	0.22	0.06	0.03	0.00	0.01
6S 0.49	0.70	0.06	0.06	0.08	0.07	0.24	0.03	0.14	0.09	0.32	0.19	0.07	0.13	0.07	0.06	1.00	0.23	0.22	0.02	0.05
7D 0.49	0.04	0.00	0.76	1.00	0.00	0.02	0.01	0.00	0.04	0.01	0.00	0.02	0.02	0.05	0.01	0.02	0.02	0.01	0.00	0.00
8P 0.49	0.10	0.02	0.01	0.02	0.13	0.01	0.02	0.32	0.03	1.00	0.19	0.02	0.10	0.03	0.02	0.03	0.12	0.25	0.02	0.03
9S 0.54	0.42	0.07	0.45	0.27	0.06	0.49	0.12	0.09	0.29	0.18	0.05	0.70	0.19	0.20	0.17	1.00	0.82	0.15	0.03	0.09
10V 0.54	0.01	0.00	0.00	0.00	0.02	0.01	0.00	1.00	0.01	0.47	0.19	0.00	0.00	0.00	0.00	0.01	0.01	0.82	0.00	0.01
11E 0.54	0.04	0.00	0.25	1.00	0.00	0.02	0.01	0.00	0.04	0.01	0.00	0.03	0.02	0.04	0.01	0.22	0.02	0.01	0.00	0.01
12P 0.54	0.22	0.04	0.04	0.05	0.19	0.12	0.03	0.34	0.07	1.00	0.22	0.04	0.13	0.06	0.06	0.10	0.09	0.25	0.03	0.05
13P 0.57	0.00	0.00	0.00	0.00	0.00	0.00	0.00	0.00	0.00	0.00	0.00	0.00	1.00	0.00	0.00	0.00	0.00	0.00	0.00	0.00
14L 0.57	0.00	0.00	0.00	0.00	0.00	0.00	0.00	0.00	0.00	1.00	0.00	0.00	0.00	0.00	0.00	0.00	0.00	0.00	0.00	0.00
15S 0.57	0.00	0.00	0.00	0.00	0.00	0.00	0.00	0.00	0.00	0.00	0.00	0.00	0.00	0.00	0.00	1.00	0.00	0.00	0.00	0.00
16Q 0.60	0.02	0.00	0.02	0.02	0.00	0.02	0.01	0.01	0.03	0.01	0.00	0.02	0.01	1.00	0.02	0.03	0.13	0.01	0.00	0.00
17E 0.60	0.01	0.00	0.22	1.00	0.00	0.01	0.00	0.00	0.01	0.00	0.00	0.01	0.01	0.02	0.00	0.01	0.01	0.00	0.00	0.00
18T 0.63	0.02	0.00	0.01	0.00	0.00	0.00	0.00	0.01	0.01	0.00	0.00	0.01	0.01	0.00	0.00	0.13	1.00	0.10	0.00	0.00
19F 0.63	0.00	0.00	0.00	0.00	1.00	0.00	0.00	0.00	0.00	0.00	0.00	0.00	0.00	0.00	0.00	0.00	0.00	0.00	0.00	0.00
20S 0.63	0.32	0.03	0.41	1.00	0.07	0.17	0.21	0.09	0.42	0.15	0.15	0.21	0.14	0.38	0.25	0.96	0.24	0.13	0.02	0.09
21D 0.66	0.02	0.06	1.00	0.13	0.01	0.12	0.09	0.00	0.03	0.01	0.00	0.12	0.02	0.02	0.02	0.06	0.02	0.01	0.00	0.01
22L 0.66	0.00	0.00	0.00	0.00	0.00	0.00	0.00	0.00	0.00	1.00	0.00	0.00	0.00	0.00	0.00	0.00	0.00	0.00	0.00	0.00
23W 0.66	0.00	0.00	0.00	0.00	0.00	0.00	0.00	0.00	0.00	0.00	0.00	0.00	0.00	0.00	0.00	0.00	0.00	0.00	1.00	0.00
24K 0.63	0.12	0.02	0.34	0.14	0.02	0.25	0.09	0.02	1.00	0.04	0.01	1.00	0.08	0.11	0.15	0.66	0.17	0.03	0.01	0.04
25L 0.63	0.01	0.00	0.00	0.00	0.03	0.00	0.00	0.05	0.00	1.00	0.21	0.00	0.00	0.01	0.00	0.08	0.01	0.03	0.00	0.00
26L 0.60	0.03	0.01	0.01	0.01	0.03	0.02	0.00	0.04	0.01	1.00	0.03	0.01	0.01	0.01	0.01	0.12	0.02	0.03	0.00	0.01
27P 0.60	0.03	0.00	0.01	0.01	0.00	0.02	0.00	0.01	0.01	0.01	0.00	0.01	1.00	0.01	0.01	0.03	0.14	0.01	0.00	0.00
28E 0.60	0.13	0.00	0.44	1.00	0.01	0.06	0.03	0.02	0.13	0.03	0.01	0.07	0.19	0.17	0.04	0.07	0.06	0.03	0.01	0.07
29N 0.60	0.02	0.00	0.25	0.10	0.00	0.05	0.02	0.00	0.02	0.00	0.00	1.00	0.01	0.02	0.01	0.26	0.02	0.00	0.00	0.01
30N 0.60	0.12	0.01	0.36	0.40	0.01	0.11	0.04	0.02	0.14	0.04	0.13	1.00	0.06	0.11	0.07	0.15	0.21	0.04	0.01	0.02
31V 0.60	0.20	0.07	0.07	0.10	0.25	0.11	0.17	0.52	0.10	0.68	0.10	0.10	0.07	0.23	0.12	0.28	0.16	1.00	0.06	0.43
32L 0.60	0.04	0.01	0.01	0.01	0.13	0.02	0.02	0.11	0.02	1.00	0.07	0.01	0.02	0.10	0.02	0.09	0.03	0.07	0.01	0.03
33S 0.57	0.54	0.05	0.31	0.35	0.04	0.20	0.06	0.10	0.33	0.21	0.05	0.23	0.24	0.22	0.19	1.00	0.60	0.16	0.02	0.04
34P 0.63	0.06	0.01	0.12	0.02	0.01	0.03	0.01	0.02	0.02	0.01	0.01	0.05	1.00	0.02	0.02	0.62	0.52	0.02	0.00	0.01
35L 0.60	0.77	0.07	0.60	1.00	0.11	0.37	0.16	0.24	0.87	0.41	0.12	0.48	0.28	0.57	0.51	0.76	0.65	0.39	0.03	0.12
36P 0.60	1.00	0.11	0.20	0.31	0.12	0.51	0.09	0.17	0.32	0.32	0.10	0.18	0.28	0.20	0.23	0.60	0.38	0.33	0.03	0.12
37S 0.57	0.09	0.07	0.06	0.19	0.01	0.04	0.02	0.03	0.08	0.09	0.01	0.12	0.04	0.05	0.05	1.00	0.41	0.04	0.01	0.02
38Q 0.60	0.89	0.06	0.70	1.00	0.07	0.39	0.18	0.20	0.92	0.32	0.11	0.54	0.47	0.77	0.53	0.85	0.58	0.37	0.02	0.07
39A 0.69	1.00	0.16	0.57	0.75	0.21	0.53	0.33	0.23	0.71	0.37	0.13	0.75	0.67	0.48	0.45	0.99	0.82	0.34	0.06	0.28
40M 0.69	0.06	0.02	0.01	0.01	0.07	0.01	0.00	0.81	0.02	0.67	0.88	0.01	0.02	0.01	0.01	0.17	0.05	1.00	0.01	0.02
41D 0.69	0.02	0.00	1.00	0.23	0.00	0.04	0.01	0.00	0.02	0.00	0.00	0.44	0.01	0.02	0.01	0.14	0.01	0.00	0.00	0.01
42D 0.63	0.87	0.16	0.82	1.00	0.52	0.49	0.49	0.40	0.84	0.70	0.22	0.62	0.33	0.61	0.60	0.78	0.71	0.58	0.19	0.72
43L 0.63	0.02	0.00	0.00	0.00	0.11	0.00	0.00	0.16	0.01	1.00	0.05	0.00	0.01	0.10	0.01	0.01	0.01	0.14	0.00	0.01
44M 0.51	0.57	0.18	0.24	0.35	0.74	0.35	0.56	0.40	0.34	0.75	0.24	0.33	0.23	0.34	0.38	0.44	0.42	0.52	0.19	1.00
45L 0.60	0.06	0.01	0.00	0.01	0.02	0.00	0.00	0.08	0.01	1.00	0.03	0.01	0.06	0.01	0.01	0.01	0.13	0.22	0.00	0.00
46S 0.49	0.38	0.04	0.09	0.12	0.06	0.15	0.06	0.05	0.11	0.09	0.03	0.09	0.19	0.21	0.08	1.00	0.18	0.09	0.02	0.15
47P 0.49	0.59	0.04	0.05	0.05	0.03	0.21	0.02	0.03	0.06	0.06	0.02	0.05	1.00	0.04	0.04	0.42	0.12	0.08	0.01	0.17
48D 0.57	0.35	0.02	0.49	1.00	0.03	0.16	0.07	0.08	0.41	0.18	0.05	0.21	0.18	0.38	0.20	0.30	0.26	0.12	0.01	0.03
49D 0.54	0.04	0.01	1.00	0.66	0.01	0.24	0.03	0.01	0.05	0.01	0.00	0.34	0.03	0.04	0.03	0.16	0.04	0.01	0.00	0.02
50I 0.60	0.22	0.05	0.02	0.04	0.03	0.01	0.02	0.28	0.04	0.17	0.11	0.08	0.12	0.03	0.03	0.05	0.24	1.00	0.01	0.02
51E 0.60	1.00	0.07	0.29	0.77	0.05	0.24	0.06	0.18	0.38	0.20	0.07	0.23	0.19	0.25	0.22	0.63	0.63	0.45	0.02	0.04
52Q 0.60	0.75	0.05	0.67	1.00	0.04	0.46	0.10	0.16	0.78	0.25	0.09	0.85	0.23	0.66	0.44	0.82	0.65	0.24	0.01	0.03
53W 0.60	0.03	0.01	0.01	0.01	0.45	0.01	0.01	0.08	0.01	0.28	0.05	0.01	0.12	0.01	0.01	0.02	0.02	0.06	1.00	0.24
54F 0.63	0.13	0.04	0.03	0.05	0.32	0.05	0.08	0.30	0.06	1.00	0.18	0.08	0.09	0.06	0.06	0.07	0.09	0.28	0.04	0.14
55T 0.37	0.77	0.07	0.63	1.00	0.12	0.40	0.18	0.22	0.91	0.36	0.12	0.51	0.29	0.59	0.53	0.74	0.59	0.32	0.04	0.14
56E 0.34	0.29	0.03	0.50	1.00	0.13	0.14	0.13	0.09	0.27	0.18	0.06	0.16	0.16	0.29	0.14	0.20	0.18	0.14	0.04	0.20
57D 0.57	0.03	0.01	1.00	0.05	0.01	0.09	0.03	0.00	0.04	0.01	0.00	0.27	0.15	0.03	0.02	0.24	0.04	0.01	0.00	0.01
58P 0.57	0.39	0.03	0.42	1.00	0.03	0.36	0.08	0.09	0.62	0.15	0.05	0.54	0.96	0.31	0.27	0.64	0.30	0.14	0.01	0.03
59G 0.49	1.00	0.26	0.37	0.39	0.61	0.77	0.44	0.34	0.40	0.57	0.20	0.39	0.29	0.34	0.39	0.61	0.45	0.48	0.15	0.78
60P 0.54	1.00	0.09	0.21	0.41	0.05	0.53	0.05	0.06	0.21	0.12	0.20	0.12	0.71	0.16	0.13	0.49	0.21	0.17	0.02	0.05
61D 0.69	0.68	0.05	0.90	1.00	0.04	0.32	0.10	0.16	0.78	0.30	0.17	0.52	0.31	0.49	0.51	0.74	0.48	0.24	0.01	0.03
62E 0.69	0.16	0.01	0.33	1.00	0.01	0.11	0.11	0.02	0.13	0.04	0.01	0.07	0.15	0.33	0.06	0.09	0.07	0.04	0.00	0.01
63A 0.69	1.00	0.12	0.14	0.19	0.49	0.35	0.36	0.24	0.20	0.41	0.25	0.20	0.23	0.19	0.22	0.32	0.26	0.32	0.11	0.60
64P 0.60	1.00	0.11	0.37	0.56	0.18	0.54	0.17	0.19	0.54	0.38	0.12	0.36	0.45	0.36	0.35	0.73	0.47	0.33	0.05	0.23
65R 0.60	0.77	0.06	0.63	1.00	0.07	0.39	0.14	0.20	0.93	0.33	0.12	0.50	0.28	0.61	0.55	0.75	0.58	0.30	0.02	0.07
66M 0.60	0.60	0.17	0.22	0.31	0.66	0.33	0.52	0.39	0.36	0.64	0.48	0.31	0.27	0.38	0.44	0.41	0.41	0.70	0.17	1.00
67P 0.60	0.95	0.10	0.25	0.37	0.12	0.34	0.11	0.23	0.36	0.42	0.10	0.36	1.00	0.25	0.23	0.94	0.55	0.56	0.04	0.14
68E 0.63	0.99	0.07	0.51	1.00	0.09	0.43	0.13	0.17	0.72	0.32	0.10	0.39	0.27	0.47	0.42	0.67	0.53	0.30	0.03	0.10
69A 0.66	1.00	0.19	0.25	0.34	0.72	0.37	0.57	0.42	0.35	0.66	0.23	0.35	0.42	0.33	0.37	0.59	0.64	0.61	0.18	0.94
70A 0.66	0.81	0.05	0.63	1.00	0.06	0.37	0.12	0.18	0.89	0.32	0.13	0.48	0.33	0.58	0.51	0.76	0.56	0.28	0.02	0.05
71P 0.57	0.87	0.08	0.65	1.00	0.18	0.42	0.21	0.25	0.93	0.40	0.14	0.52	0.33	0.62	0.55	0.80	0.65	0.36	0.05	0.21
72P 0.57	0.88	0.10	0.55	1.00	0.29	0.40	0.29	0.28	0.80	0.46	0.27	0.58	0.92	0.60	0.52	0.81	0.57	0.39	0.08	0.50
73V 0.66	0.85	0.10	0.62	1.00	0.25	0.44	0.27	0.28	0.93	0.48	0.16	0.53	0.32	0.62	0.57	0.77	0.67	0.43	0.07	0.34
74A 0.69	0.83	0.06	0.64	1.00	0.11	0.39	0.15	0.21	0.94	0.35	0.12	0.50	0.30	0.61	0.53	0.75	0.60	0.32	0.03	0.10
75P 0.69	0.44	0.04	0.51	0.97	0.09	0.29	0.18	0.13	1.00	0.37	0.09	0.43	0.58	0.51	0.74	0.40	0.35	0.19	0.04	0.13
76A 0.80	1.00	0.04	0.47	0.91	0.04	0.29	0.09	0.14	0.70	0.23	0.11	0.47	0.21	0.53	0.40	0.75	0.56	0.52	0.01	0.04
77P 0.80	0.09	0.01	0.04	0.15	0.01	0.03	0.09	0.01	0.04	0.02	0.01	0.03	1.00	0.03	0.02	0.27	0.20	0.02	0.00	0.01
78A 0.80	1.00	0.02	0.04	0.16	0.01	0.21	0.01	0.01	0.04	0.03	0.01	0.03	0.15	0.03	0.03	0.13	0.33	0.04	0.00	0.01
79A 0.77	1.00	0.07	0.14	0.19	0.28	0.17	0.16	0.17	0.20	0.34	0.09	0.18	0.13	0.27	0.16	0.46	0.78	0.26	0.05	0.27
80P 0.74	0.19	0.01	0.18	0.13	0.01	0.07	0.02	0.02	0.08	0.03	0.12	0.05	1.00	0.12	0.05	0.33	0.09	0.04	0.00	0.01
81T 0.74	0.91	0.06	0.62	1.00	0.06	0.47	0.12	0.19	0.90	0.30	0.11	0.49	0.34	0.60	0.51	0.82	0.71	0.29	0.02	0.05
82P 0.71	0.16	0.02	0.11	0.12	0.03	0.12	0.06	0.04	0.29	0.20	0.03	0.24	1.00	0.13	0.32	0.32	0.20	0.07	0.01	0.05
83A 0.77	1.00	0.02	0.15	0.32	0.03	0.18	0.04	0.05	0.22	0.12	0.14	0.12	0.07	0.14	0.13	0.42	0.47	0.28	0.01	0.03
84A 0.77	1.00	0.16	0.21	0.31	0.61	0.28	0.41	0.56	0.32	0.61	0.25	0.28	0.21	0.28	0.37	0.51	0.56	0.79	0.14	0.74
85P 0.77	0.12	0.01	0.25	0.05	0.01	0.07	0.01	0.01	0.03	0.02	0.01	0.04	1.00	0.02	0.02	0.30	0.09	0.09	0.00	0.01
86A 0.77	1.00	0.02	0.04	0.05	0.03	0.22	0.03	0.03	0.05	0.04	0.02	0.05	0.05	0.10	0.04	0.29	0.35	0.05	0.01	0.12
87P 0.80	0.83	0.09	0.10	0.16	0.07	0.27	0.05	0.24	0.24	0.43	0.08	0.10	1.00	0.12	0.13	0.38	0.30	0.61	0.02	0.07
88A 0.80	1.00	0.04	0.53	0.64	0.04	0.25	0.08	0.13	0.59	0.20	0.07	0.40	0.19	0.48	0.34	0.68	0.54	0.33	0.01	0.03
89P 0.69	0.17	0.03	0.07	0.05	0.02	0.05	0.02	0.07	0.07	0.05	0.03	0.12	0.22	0.05	0.04	0.60	1.00	0.09	0.01	0.02
90S 0.74	0.53	0.05	0.05	0.05	0.02	0.36	0.01	0.03	0.06	0.05	0.02	0.05	0.29	0.04	0.04	1.00	0.13	0.14	0.01	0.02
91W 0.66	0.34	0.06	0.12	0.09	0.08	0.13	0.07	0.11	0.13	0.16	0.06	0.19	0.17	0.10	0.10	0.85	1.00	0.17	0.31	0.10
92P 0.66	0.03	0.00	0.01	0.01	0.00	0.02	0.00	0.00	0.01	0.01	0.00	0.01	1.00	0.00	0.00	0.02	0.09	0.01	0.00	0.00
93L 0.60	0.06	0.01	0.01	0.01	0.18	0.01	0.01	0.25	0.02	1.00	0.16	0.01	0.10	0.03	0.02	0.02	0.03	0.14	0.02	0.04
94S 0.66	0.02	0.00	0.09	0.01	0.00	0.01	0.00	0.01	0.01	0.01	0.00	0.02	0.01	0.01	0.01	1.00	0.30	0.01	0.00	0.00
95S 0.74	0.17	0.10	0.02	0.02	0.01	0.06	0.01	0.02	0.02	0.02	0.01	0.03	0.14	0.02	0.01	1.00	0.24	0.03	0.00	0.01
96S 0.77	0.51	0.08	0.11	0.10	0.13	0.17	0.06	0.18	0.13	0.17	0.07	0.18	0.17	0.10	0.09	0.81	1.00	0.36	0.03	0.09
97V 0.91	0.00	0.00	0.00	0.00	0.00	0.00	0.00	0.23	0.00	0.02	0.00	0.00	0.00	0.00	0.00	0.00	0.00	1.00	0.00	0.00
98P 0.91	0.00	0.00	0.00	0.00	0.00	0.00	0.00	0.00	0.00	0.00	0.00	0.00	1.00	0.00	0.00	0.00	0.00	0.00	0.00	0.00
99S 0.91	0.17	0.01	0.02	0.06	0.01	0.04	0.01	0.03	0.03	0.03	0.01	0.03	0.03	0.02	0.02	1.00	0.24	0.20	0.00	0.01
100Q 0.91	0.55	0.18	0.24	0.32	0.70	0.35	0.55	0.41	0.34	0.66	0.22	0.36	0.22	0.38	0.37	0.44	0.47	0.52	0.18	1.00
101K 0.91	0.30	0.03	0.40	0.50	0.02	0.19	0.06	0.07	1.00	0.11	0.04	0.34	0.12	0.23	0.20	0.60	0.76	0.11	0.01	0.02
102T 0.91	0.10	0.02	1.00	0.12	0.02	0.20	0.06	0.02	0.10	0.03	0.01	0.44	0.12	0.07	0.05	0.30	0.84	0.03	0.01	0.03
103Y 0.97	0.00	0.00	0.00	0.00	0.00	0.00	0.00	0.00	0.00	0.00	0.00	0.00	0.00	0.00	0.00	0.00	0.00	0.00	0.00	1.00
104Q 0.97	0.25	0.01	0.04	0.07	0.01	0.14	0.06	0.02	0.16	0.04	0.01	0.05	1.00	0.28	0.18	0.06	0.05	0.03	0.01	0.02
105G 0.97	0.00	0.00	0.00	0.00	0.00	1.00	0.00	0.00	0.00	0.00	0.00	0.00	0.00	0.00	0.00	0.00	0.00	0.00	0.00	0.00
106S 0.97	0.74	0.05	0.63	1.00	0.05	0.37	0.12	0.18	0.90	0.30	0.10	0.50	0.29	0.57	0.50	0.73	0.56	0.28	0.02	0.04
107Y 0.97	0.03	0.01	0.01	0.02	0.13	0.02	0.49	0.03	0.02	0.20	0.02	0.02	0.01	0.02	0.02	0.02	0.02	0.03	0.01	1.00
108G 0.97	0.02	0.00	0.20	0.07	0.00	1.00	0.14	0.00	0.03	0.00	0.00	0.16	0.02	0.02	0.01	0.14	0.02	0.00	0.00	0.01
109F 0.97	0.00	0.00	0.00	0.00	1.00	0.00	0.00	0.01	0.00	0.12	0.01	0.00	0.00	0.00	0.00	0.00	0.00	0.01	0.01	0.02
110R 0.97	0.20	0.01	0.32	0.65	0.01	0.10	0.29	0.05	0.45	0.08	0.03	0.28	0.08	0.49	1.00	0.20	0.25	0.08	0.00	0.01
111L 0.97	0.01	0.00	0.00	0.00	0.01	0.00	0.00	0.03	0.00	1.00	0.02	0.00	0.00	0.00	0.00	0.00	0.01	0.32	0.00	0.00
112G 0.97	0.48	0.05	0.71	0.75	0.05	1.00	0.23	0.12	0.60	0.19	0.07	0.61	0.20	0.39	0.59	0.65	0.51	0.18	0.02	0.07
113F 0.97	0.00	0.00	0.00	0.00	1.00	0.00	0.00	0.00	0.00	0.00	0.00	0.00	0.00	0.00	0.00	0.00	0.00	0.00	0.00	0.00
114L 0.97	0.26	0.06	0.04	0.08	0.20	0.04	0.06	0.45	0.10	1.00	0.22	0.07	0.09	0.13	0.09	0.09	0.18	0.53	0.03	0.09
115H 0.97	0.06	0.00	0.27	0.45	0.01	0.04	0.50	0.01	0.37	0.02	0.01	0.09	0.04	1.00	0.03	0.05	0.04	0.02	0.00	0.01
116S 0.97	0.08	0.00	0.01	0.00	0.00	0.01	0.00	0.00	0.00	0.00	0.00	0.07	0.01	0.00	0.00	1.00	0.02	0.00	0.00	0.00
117G 0.97	0.04	0.00	0.01	0.01	0.00	1.00	0.00	0.00	0.01	0.00	0.00	0.01	0.01	0.00	0.00	0.34	0.01	0.01	0.00	0.00
118T 0.97	0.02	0.00	0.01	0.00	0.00	0.06	0.00	0.00	0.01	0.00	0.00	0.01	0.01	0.00	0.00	0.02	1.00	0.01	0.00	0.00
119A 0.97	1.00	0.00	0.00	0.00	0.00	0.01	0.00	0.00	0.00	0.00	0.00	0.00	0.01	0.00	0.00	0.01	0.05	0.01	0.00	0.00
120K 0.97	0.00	0.00	0.00	0.00	0.00	0.00	0.00	0.00	1.00	0.00	0.00	0.00	0.00	0.00	0.00	0.00	0.00	0.00	0.00	0.00
121S 0.97	0.00	0.00	0.00	0.00	0.00	0.00	0.00	0.00	0.00	0.00	0.00	0.00	0.00	0.00	0.00	1.00	0.00	0.00	0.00	0.00
122V 0.97	0.21	0.01	0.00	0.00	0.00	0.01	0.00	0.02	0.00	0.02	0.00	0.00	0.01	0.00	0.00	0.01	0.02	1.00	0.00	0.00
123T 0.97	0.01	0.00	0.00	0.00	0.00	0.00	0.00	0.00	0.00	0.01	0.07	0.00	0.00	0.00	0.00	0.02	1.00	0.01	0.00	0.00
124C 0.97	0.19	1.00	0.03	0.02	0.04	0.11	0.01	0.02	0.03	0.03	0.01	0.04	0.05	0.02	0.02	0.41	0.11	0.04	0.28	0.03
125T 0.97	0.00	0.00	0.00	0.00	0.00	0.00	0.00	0.00	0.00	0.00	0.00	0.00	0.00	0.00	0.00	0.00	1.00	0.00	0.00	0.00
126Y 1.00	0.00	0.00	0.00	0.00	0.06	0.00	0.00	0.00	0.00	0.01	0.00	0.00	0.00	0.00	0.00	0.00	0.00	0.00	0.01	1.00
127S 1.00	0.00	0.00	0.00	0.00	0.00	0.00	0.00	0.00	0.00	0.00	0.00	0.00	0.00	0.00	0.00	1.00	0.00	0.00	0.00	0.00
128P 1.00	0.09	0.02	0.02	0.19	0.01	0.01	0.01	0.11	0.03	0.05	0.02	0.02	1.00	0.02	0.02	0.13	0.22	0.22	0.00	0.01
129A 1.00	0.75	0.05	0.63	1.00	0.05	0.38	0.12	0.19	0.92	0.31	0.10	0.49	0.27	0.58	0.52	0.74	0.57	0.29	0.02	0.04
130L 1.00	0.00	0.00	0.00	0.00	0.00	0.00	0.00	0.00	0.00	1.00	0.00	0.00	0.00	0.00	0.00	0.00	0.00	0.00	0.00	0.00
131N 1.00	0.02	0.00	0.08	0.02	0.00	0.13	0.02	0.00	0.26	0.00	0.00	1.00	0.01	0.02	0.02	0.04	0.02	0.00	0.00	0.01
132K 1.00	0.00	0.00	0.00	0.00	0.00	0.00	0.00	0.00	1.00	0.00	0.00	0.00	0.00	0.00	0.00	0.00	0.00	0.00	0.00	0.00
133M 1.00	0.00	0.00	0.00	0.00	0.01	0.00	0.00	0.01	0.00	1.00	0.05	0.00	0.00	0.00	0.00	0.00	0.00	0.06	0.00	0.00
134F 1.00	0.00	0.00	0.00	0.00	1.00	0.00	0.00	0.01	0.00	0.01	0.00	0.00	0.00	0.00	0.00	0.00	0.00	0.00	0.01	0.49
135C 1.00	0.00	1.00	0.00	0.00	0.00	0.00	0.00	0.00	0.00	0.00	0.00	0.00	0.00	0.00	0.00	0.00	0.00	0.00	0.00	0.00
136Q 1.00	0.00	0.00	0.00	0.01	0.00	0.00	0.00	0.00	0.02	0.00	0.00	0.00	0.00	1.00	0.07	0.00	0.00	0.00	0.00	0.00
137L 1.00	0.00	0.00	0.00	0.00	0.01	0.00	0.00	0.19	0.00	1.00	0.01	0.00	0.00	0.00	0.00	0.00	0.00	0.01	0.00	0.00
138A 1.00	1.00	0.00	0.00	0.00	0.00	0.00	0.00	0.00	0.00	0.00	0.00	0.00	0.00	0.00	0.00	0.00	0.00	0.00	0.00	0.00
139K 1.00	0.00	0.00	0.00	0.00	0.00	0.00	0.00	0.00	1.00	0.00	0.00	0.00	0.00	0.00	0.00	0.00	0.00	0.00	0.00	0.00
140T 1.00	0.02	0.00	0.01	0.00	0.00	0.01	0.00	0.00	0.00	0.00	0.00	0.01	0.06	0.00	0.00	0.03	1.00	0.01	0.00	0.00
141C 1.00	0.02	1.00	0.01	0.00	0.00	0.01	0.00	0.00	0.01	0.00	0.00	0.01	0.01	0.00	0.00	0.17	0.12	0.01	0.00	0.00
142P 1.00	0.02	0.00	0.01	0.00	0.01	0.02	0.00	0.01	0.01	0.08	0.01	0.00	1.00	0.00	0.01	0.01	0.01	0.01	0.00	0.00
143V 1.00	0.00	0.00	0.00	0.00	0.00	0.00	0.00	0.38	0.00	0.09	0.00	0.00	0.00	0.00	0.00	0.00	0.00	1.00	0.00	0.00
144Q 1.00	0.07	0.01	0.11	0.35	0.02	0.12	0.03	0.02	0.12	0.15	0.01	0.05	0.04	1.00	0.08	0.05	0.04	0.03	0.01	0.05
145L 1.00	0.02	0.00	0.00	0.00	0.03	0.01	0.00	0.65	0.01	1.00	0.26	0.00	0.00	0.00	0.01	0.01	0.01	0.85	0.00	0.01
146W 1.00	0.28	0.05	0.07	0.25	0.16	0.16	0.21	0.19	1.00	0.36	0.11	0.19	0.15	0.37	0.85	0.19	0.25	0.28	0.08	0.22
147V 1.00	0.00	0.00	0.00	0.00	0.00	0.00	0.00	0.04	0.00	0.10	0.00	0.00	0.00	0.00	0.00	0.00	0.00	1.00	0.00	0.00
148D 1.00	0.66	0.05	0.79	0.96	0.04	0.43	0.11	0.16	0.87	0.26	0.16	0.50	0.24	0.51	0.48	1.00	0.53	0.25	0.01	0.03
149S 1.00	0.39	0.03	0.25	0.48	0.03	0.15	0.13	0.08	0.53	0.13	0.05	0.20	0.12	0.24	0.21	1.00	0.46	0.29	0.01	0.03
150T 1.00	0.34	0.01	0.21	0.46	0.01	0.05	0.02	0.02	0.09	0.03	0.01	0.06	1.00	0.07	0.04	0.21	0.54	0.03	0.00	0.01
151P 1.00	0.00	0.00	0.00	0.00	0.00	0.00	0.00	0.00	0.00	0.00	0.00	0.00	1.00	0.00	0.00	0.00	0.00	0.00	0.00	0.00
152P 1.00	0.00	0.00	0.00	0.00	0.00	0.00	0.00	0.00	0.00	0.00	0.00	0.00	1.00	0.00	0.00	0.00	0.00	0.00	0.00	0.00
153P 1.00	0.11	0.01	0.02	0.09	0.01	0.04	0.05	0.03	0.42	0.06	0.09	0.06	1.00	0.47	0.39	0.05	0.06	0.03	0.01	0.03
154G 1.00	0.01	0.00	0.01	0.00	0.00	1.00	0.00	0.00	0.00	0.00	0.00	0.04	0.00	0.00	0.00	0.01	0.00	0.00	0.00	0.00
155T 1.00	0.58	0.01	0.01	0.01	0.00	0.02	0.00	0.01	0.01	0.01	0.00	0.02	0.01	0.01	0.01	0.52	1.00	0.01	0.00	0.00
156R 1.00	0.50	0.10	0.03	0.08	0.07	0.04	0.03	0.48	0.08	0.33	0.10	0.05	0.11	0.06	0.06	0.11	0.34	1.00	0.01	0.04
157V 1.00	0.01	0.00	0.00	0.00	0.01	0.00	0.00	0.54	0.00	0.51	0.01	0.00	0.00	0.00	0.00	0.00	0.01	1.00	0.00	0.00
158R 1.00	0.00	0.00	0.00	0.00	0.00	0.00	0.00	0.00	0.00	0.00	0.00	0.00	0.00	0.00	1.00	0.00	0.00	0.00	0.00	0.00
159A 1.00	1.00	0.00	0.00	0.00	0.00	0.00	0.00	0.00	0.00	0.00	0.00	0.00	0.00	0.00	0.00	0.00	0.00	0.00	0.00	0.00
160M 1.00	0.09	0.02	0.01	0.02	0.06	0.01	0.01	0.17	0.02	0.48	1.00	0.01	0.02	0.02	0.01	0.02	0.62	0.30	0.01	0.01
161A 1.00	1.00	0.01	0.01	0.01	0.00	0.05	0.00	0.00	0.01	0.01	0.00	0.01	0.19	0.01	0.01	0.08	0.02	0.01	0.00	0.00
162I 1.00	0.00	0.00	0.00	0.00	0.00	0.00	0.00	1.00	0.00	0.03	0.00	0.00	0.00	0.00	0.00	0.00	0.00	0.75	0.00	0.00
163Y 1.00	0.00	0.00	0.00	0.00	0.00	0.00	0.00	0.00	0.00	0.00	0.00	0.00	0.00	0.00	0.00	0.00	0.00	0.00	0.00	1.00
164K 1.00	0.00	0.00	0.00	0.00	0.00	0.00	0.00	0.00	1.00	0.00	0.00	0.00	0.00	0.00	0.00	0.00	0.00	0.00	0.00	0.00
165Q 1.00	0.00	0.00	0.00	0.00	0.00	0.00	0.00	0.00	1.00	0.00	0.00	0.00	0.00	0.03	0.06	0.00	0.00	0.00	0.00	0.00
166S 1.00	0.44	0.05	0.07	0.05	0.02	0.12	0.02	0.06	0.07	0.23	0.03	0.12	0.11	0.06	0.05	1.00	0.82	0.12	0.01	0.02
167Q 1.00	0.01	0.00	0.03	1.00	0.00	0.00	0.00	0.00	0.01	0.00	0.00	0.01	0.01	0.32	0.00	0.07	0.01	0.00	0.00	0.00
168H 1.00	0.02	0.01	0.08	0.01	0.12	0.02	1.00	0.01	0.01	0.02	0.01	0.02	0.01	0.01	0.01	0.02	0.02	0.02	0.01	0.16
169M 1.00	0.03	0.01	0.00	0.01	0.01	0.00	0.00	0.07	0.01	0.08	0.61	0.00	0.01	0.00	0.00	0.01	0.02	1.00	0.00	0.00
170T 1.00	0.79	0.02	0.02	0.02	0.01	0.19	0.00	0.01	0.02	0.02	0.01	0.02	0.04	0.01	0.01	0.10	1.00	0.03	0.00	0.01
171E 1.00	0.01	0.00	0.27	1.00	0.00	0.00	0.00	0.00	0.01	0.00	0.00	0.00	0.01	0.01	0.00	0.00	0.00	0.00	0.00	0.00
172V 1.00	0.00	0.00	0.00	0.00	0.00	0.00	0.00	0.10	0.00	0.01	0.00	0.00	0.00	0.00	0.00	0.00	0.00	1.00	0.00	0.00
173V 1.00	0.00	0.00	0.00	0.00	0.00	0.00	0.00	0.00	0.00	0.00	0.00	0.00	0.00	0.00	0.00	0.00	0.00	1.00	0.00	0.00
174R 1.00	0.01	0.00	0.00	0.01	0.00	0.00	0.00	0.00	0.38	0.01	0.00	0.00	0.00	0.01	1.00	0.00	0.01	0.00	0.00	0.00
175R 1.00	0.00	0.00	0.00	0.00	0.00	0.00	0.00	0.00	0.00	0.00	0.00	0.00	0.00	0.00	1.00	0.00	0.00	0.00	0.00	0.00
176C 1.00	0.02	1.00	0.00	0.00	0.00	0.01	0.00	0.00	0.00	0.00	0.00	0.00	0.01	0.00	0.00	0.04	0.01	0.00	0.00	0.00
177P 1.00	0.00	0.00	0.00	0.00	0.00	0.00	0.00	0.00	0.00	0.00	0.00	0.00	1.00	0.00	0.00	0.00	0.00	0.00	0.00	0.00
178H 1.00	0.00	0.00	0.02	0.01	0.00	0.02	1.00	0.00	0.01	0.00	0.00	0.20	0.00	0.00	0.00	0.01	0.01	0.00	0.00	0.00
179H 1.00	0.00	0.00	0.00	0.00	0.00	0.00	1.00	0.00	0.00	0.00	0.00	0.00	0.00	0.00	0.00	0.00	0.00	0.00	0.00	0.00
180E 1.00	0.01	0.00	0.02	1.00	0.00	0.00	0.00	0.00	0.01	0.00	0.00	0.00	0.00	0.28	0.00	0.00	0.00	0.00	0.00	0.00
181R 0.91	0.06	0.01	0.01	0.03	0.01	0.03	0.02	0.02	0.15	0.16	0.01	0.03	0.03	0.05	1.00	0.18	0.04	0.02	0.00	0.01
182C 0.91	0.74	0.21	0.24	0.22	0.05	0.45	0.06	0.08	0.19	0.12	0.06	0.31	0.24	0.14	0.12	1.00	0.95	0.18	0.02	0.05
183S 0.91	0.70	0.09	0.61	0.80	0.29	0.46	0.26	0.25	0.75	0.41	0.14	0.55	0.33	0.51	0.54	1.00	0.55	0.39	0.07	0.33
184D 1.00	0.06	0.01	1.00	0.37	0.01	0.17	0.03	0.01	0.07	0.11	0.01	0.35	0.03	0.06	0.04	0.09	0.10	0.02	0.00	0.01
185S 1.00	0.37	0.06	0.64	0.54	0.16	0.66	0.17	0.09	0.36	0.14	0.05	0.76	0.18	0.25	0.21	1.00	0.58	0.14	0.03	0.13
186D 1.00	0.01	0.00	1.00	0.08	0.00	0.11	0.01	0.00	0.01	0.00	0.00	0.23	0.01	0.01	0.01	0.02	0.01	0.00	0.00	0.00
187G 1.00	0.04	0.01	0.23	0.05	0.01	1.00	0.03	0.00	0.05	0.01	0.00	0.32	0.03	0.27	0.03	0.26	0.10	0.01	0.00	0.02
188L 0.94	0.61	0.09	0.03	0.08	0.09	0.04	0.03	0.56	0.08	0.97	0.14	0.04	0.19	0.06	0.05	0.19	0.33	1.00	0.02	0.04
189A 0.94	1.00	0.00	0.02	0.17	0.00	0.03	0.00	0.00	0.01	0.01	0.00	0.01	0.01	0.01	0.01	0.03	0.01	0.01	0.00	0.00
190P 0.94	0.03	0.01	0.03	0.02	0.01	0.05	0.14	0.01	0.03	0.01	0.00	0.03	1.00	0.01	0.02	0.02	0.02	0.01	0.00	0.01
191P 1.00	0.43	0.01	0.01	0.05	0.01	0.05	0.03	0.02	0.33	0.04	0.01	0.04	1.00	0.08	0.47	0.05	0.04	0.03	0.01	0.02
192Q 1.00	1.00	0.09	0.14	0.12	0.04	0.64	0.03	0.04	0.12	0.09	0.04	0.14	0.24	0.44	0.08	0.81	0.21	0.16	0.01	0.03
193H 1.00	0.00	0.00	0.00	0.00	0.00	0.00	1.00	0.00	0.00	0.00	0.00	0.00	0.00	0.00	0.00	0.00	0.00	0.00	0.00	0.00
194L 1.00	0.00	0.00	0.00	0.00	0.00	0.00	0.00	0.00	0.00	1.00	0.00	0.00	0.00	0.00	0.00	0.00	0.00	0.00	0.00	0.00
195I 1.00	0.00	0.00	0.00	0.00	0.00	0.00	0.00	1.00	0.00	0.07	0.06	0.00	0.00	0.00	0.00	0.00	0.00	0.09	0.00	0.00
196R 1.00	0.00	0.00	0.00	0.00	0.00	0.00	0.00	0.00	0.00	0.00	0.00	0.00	0.00	0.00	1.00	0.00	0.00	0.00	0.00	0.00
197V 1.00	0.01	0.00	0.00	0.00	0.00	0.00	0.00	0.02	0.00	0.06	0.05	0.00	0.00	0.00	0.00	0.00	0.00	1.00	0.00	0.00
198E 1.00	0.00	0.00	0.00	1.00	0.00	0.00	0.00	0.00	0.00	0.00	0.00	0.00	0.00	0.00	0.00	0.00	0.00	0.00	0.00	0.00
199G 1.00	0.00	0.00	0.00	0.00	0.00	1.00	0.00	0.00	0.00	0.00	0.00	0.00	0.00	0.00	0.00	0.00	0.00	0.00	0.00	0.00
200N 1.00	0.01	0.00	0.02	0.01	0.00	0.02	0.00	0.00	0.01	0.00	0.00	1.00	0.00	0.00	0.00	0.22	0.01	0.00	0.00	0.00
201L 1.00	0.75	0.07	0.62	1.00	0.11	0.39	0.16	0.21	0.91	0.38	0.12	0.50	0.29	0.60	0.54	0.74	0.58	0.31	0.03	0.12
202R 1.00	0.18	0.04	0.05	0.17	0.14	0.12	0.33	0.11	0.64	0.37	0.07	0.14	0.10	0.35	1.00	0.14	0.16	0.14	0.05	0.27
203V 1.00	1.00	0.00	0.00	0.00	0.00	0.02	0.00	0.00	0.00	0.00	0.00	0.00	0.04	0.00	0.00	0.13	0.01	0.03	0.00	0.00
204E 1.00	0.23	0.03	0.16	1.00	0.06	0.12	0.08	0.08	0.48	0.25	0.05	0.21	0.09	0.70	0.37	0.21	0.18	0.18	0.02	0.17
205Y 1.00	0.00	0.00	0.00	0.00	0.00	0.00	0.00	0.00	0.00	0.00	0.00	0.00	0.00	0.00	0.00	0.00	0.00	0.00	0.00	1.00
206L 1.00	0.19	0.07	0.07	0.10	0.60	0.12	0.28	0.20	0.11	1.00	0.28	0.11	0.08	0.18	0.23	0.15	0.15	0.51	0.07	0.36
207D 1.00	0.01	0.00	1.00	0.93	0.00	0.01	0.00	0.00	0.01	0.00	0.00	0.01	0.01	0.02	0.00	0.01	0.01	0.00	0.00	0.00
208D 1.00	0.00	0.00	1.00	0.01	0.00	0.01	0.05	0.00	0.01	0.00	0.00	0.02	0.00	0.00	0.00	0.01	0.00	0.00	0.00	0.00
209R 1.00	0.73	0.05	0.63	1.00	0.05	0.39	0.13	0.18	0.93	0.29	0.10	0.50	0.31	0.58	0.58	0.71	0.56	0.28	0.02	0.04
210N 1.00	0.51	0.17	0.21	0.28	0.69	0.33	0.59	0.46	0.30	0.64	0.22	0.65	0.20	0.38	0.35	0.41	0.46	0.59	0.18	1.00
211T 1.00	0.01	0.00	0.00	0.00	0.00	0.00	0.00	0.00	0.00	0.00	0.00	0.04	0.00	0.00	0.00	0.08	1.00	0.00	0.00	0.00
212F 1.00	0.41	0.09	0.18	0.39	0.34	0.28	0.33	0.23	1.00	0.42	0.14	0.30	0.20	0.45	0.85	0.35	0.35	0.30	0.10	0.47
213R 1.00	0.06	0.00	0.00	0.01	0.00	0.01	0.00	0.00	0.02	0.00	0.00	0.00	0.01	0.01	1.00	0.01	0.01	0.00	0.00	0.00
214H 1.00	0.01	0.00	0.02	0.02	0.00	0.02	1.00	0.00	0.03	0.01	0.00	0.02	0.01	0.37	0.03	0.01	0.01	0.00	0.00	0.00
215S 1.00	0.00	0.00	0.00	0.00	0.00	0.00	0.00	0.00	0.00	0.00	0.00	0.00	0.00	0.00	0.00	1.00	0.00	0.00	0.00	0.00
216V 1.00	0.00	0.00	0.00	0.00	0.00	0.00	0.00	0.00	0.00	0.00	0.00	0.00	0.00	0.00	0.00	0.00	0.00	1.00	0.00	0.00
217V 1.00	0.05	0.08	0.00	0.01	0.05	0.00	0.00	0.07	0.01	0.22	0.02	0.00	0.01	0.01	0.01	0.01	0.27	1.00	0.00	0.00
218V 1.00	0.00	0.00	0.00	0.00	0.00	0.00	0.00	0.00	0.00	0.00	0.00	0.00	0.00	0.00	0.00	0.00	0.00	1.00	0.00	0.00
219P 1.00	0.00	0.00	0.00	0.00	0.00	0.00	0.00	0.00	0.00	0.00	0.00	0.00	1.00	0.00	0.00	0.00	0.00	0.00	0.00	0.00
220Y 1.00	0.00	0.00	0.00	0.00	0.00	0.00	0.00	0.00	0.00	0.00	0.00	0.00	0.00	0.00	0.00	0.00	0.00	0.00	0.00	1.00
221E 1.00	0.00	0.00	0.00	1.00	0.00	0.00	0.00	0.00	0.00	0.00	0.00	0.00	0.00	0.00	0.00	0.00	0.00	0.00	0.00	0.00
222P 1.00	0.17	0.01	0.01	0.01	0.01	0.14	0.00	0.01	0.02	0.01	0.01	0.01	1.00	0.01	0.09	0.15	0.02	0.06	0.00	0.00
223P 1.00	0.00	0.00	0.00	0.00	0.00	0.00	0.00	0.00	0.00	0.00	0.00	0.00	1.00	0.00	0.00	0.00	0.00	0.00	0.00	0.00
224E 1.00	0.02	0.00	0.04	0.95	0.00	0.01	0.00	0.00	0.02	0.00	0.00	0.01	0.01	1.00	0.01	0.01	0.01	0.00	0.00	0.00
225V 1.00	0.08	0.01	0.00	0.01	0.01	0.00	0.00	0.14	0.01	0.31	0.01	0.00	0.05	0.00	0.00	0.01	0.02	1.00	0.00	0.00
226G 1.00	0.01	0.00	0.07	0.04	0.00	1.00	0.00	0.00	0.01	0.00	0.00	0.02	0.00	0.01	0.00	0.01	0.00	0.00	0.00	0.00
227S 1.00	0.05	0.00	0.00	0.00	0.00	0.01	0.00	0.00	0.00	0.00	0.00	0.01	0.01	0.00	0.00	1.00	0.30	0.00	0.00	0.00
228D 1.00	0.01	0.00	0.53	1.00	0.00	0.01	0.00	0.00	0.02	0.00	0.00	0.01	0.01	0.08	0.00	0.01	0.01	0.00	0.00	0.00
229C 1.00	0.43	0.81	0.17	0.23	0.96	0.28	0.46	0.34	0.24	0.56	0.32	0.26	0.17	0.25	0.29	0.42	0.38	0.43	0.21	1.00
230T 1.00	0.00	0.00	0.00	0.00	0.00	0.00	0.00	0.00	0.00	0.00	0.00	0.00	0.00	0.00	0.00	0.00	1.00	0.00	0.00	0.00
231T 1.00	0.05	0.00	0.00	0.00	0.00	0.01	0.00	0.00	0.00	0.00	0.00	0.00	0.00	0.00	0.00	0.02	1.00	0.00	0.00	0.00
232I 1.00	0.00	0.00	0.00	0.00	0.00	0.00	0.00	1.00	0.00	0.02	0.00	0.00	0.00	0.00	0.00	0.00	0.00	0.50	0.00	0.00
233H 1.00	0.08	0.02	0.03	0.03	0.17	0.05	0.06	0.31	0.05	1.00	0.21	0.03	0.05	0.05	0.05	0.03	0.05	0.18	0.02	0.03
234Y 1.00	0.00	0.00	0.00	0.00	0.08	0.00	0.00	0.01	0.00	0.27	0.01	0.00	0.00	0.00	0.00	0.00	0.00	0.01	0.02	1.00
235N 1.00	0.01	0.00	0.03	0.01	0.00	0.02	0.01	0.00	0.09	0.00	0.00	1.00	0.01	0.01	0.01	0.24	0.01	0.00	0.00	0.00
236Y 1.00	0.00	0.00	0.00	0.00	1.00	0.00	0.00	0.01	0.00	0.02	0.00	0.00	0.00	0.00	0.00	0.00	0.00	0.01	0.01	0.71
237M 1.00	0.00	0.00	0.00	0.00	0.00	0.00	0.00	0.00	0.00	0.00	1.00	0.00	0.00	0.00	0.00	0.00	0.00	0.00	0.00	0.00
238C 1.00	0.00	1.00	0.00	0.00	0.00	0.00	0.00	0.00	0.00	0.00	0.00	0.00	0.00	0.00	0.00	0.00	0.00	0.00	0.00	0.00
239N 1.00	0.00	0.00	0.00	0.00	0.00	0.00	0.00	0.00	0.00	0.00	0.00	1.00	0.00	0.00	0.00	0.00	0.00	0.00	0.00	0.00
240S 1.00	0.00	0.00	0.00	0.00	0.00	0.00	0.00	0.00	0.00	0.00	0.00	0.00	0.00	0.00	0.00	1.00	0.00	0.00	0.00	0.00
241S 1.00	0.00	0.00	0.00	0.00	0.00	0.00	0.00	0.00	0.00	0.00	0.00	0.00	0.00	0.00	0.00	1.00	0.00	0.00	0.00	0.00
242C 1.00	0.00	1.00	0.00	0.00	0.00	0.00	0.00	0.00	0.00	0.00	0.00	0.00	0.00	0.00	0.00	0.00	0.00	0.00	0.00	0.00
243M 1.00	0.01	0.00	0.00	0.00	0.01	0.00	0.00	0.02	0.00	0.04	1.00	0.00	0.00	0.00	0.00	0.00	0.01	0.20	0.00	0.00
244G 1.00	0.00	0.00	0.00	0.00	0.00	1.00	0.00	0.00	0.00	0.00	0.00	0.00	0.00	0.00	0.00	0.00	0.00	0.00	0.00	0.00
245G 1.00	0.00	0.00	0.00	0.00	0.00	1.00	0.00	0.00	0.00	0.00	0.00	0.00	0.00	0.00	0.00	0.00	0.00	0.00	0.00	0.00
246M 1.00	0.00	0.00	0.00	0.00	0.00	0.00	0.00	0.00	0.00	0.00	1.00	0.00	0.00	0.00	0.00	0.00	0.00	0.00	0.00	0.00
247N 1.00	0.00	0.00	0.00	0.00	0.00	0.00	0.00	0.00	0.00	0.00	0.00	1.00	0.00	0.00	0.00	0.00	0.00	0.00	0.00	0.00
248R 1.00	0.00	0.00	0.00	0.00	0.00	0.00	0.00	0.00	0.00	0.00	0.00	0.00	0.00	0.00	1.00	0.00	0.00	0.00	0.00	0.00
249R 1.00	0.00	0.00	0.00	0.00	0.00	0.00	0.00	0.00	0.00	0.00	0.00	0.00	0.00	0.00	1.00	0.00	0.00	0.00	0.00	0.00
250P 1.00	0.01	0.00	0.01	0.01	0.00	0.01	0.00	0.00	0.01	0.00	0.00	0.00	1.00	0.04	0.01	0.01	0.00	0.00	0.00	0.00
251I 1.00	0.00	0.00	0.00	0.00	0.00	0.00	0.00	1.00	0.00	0.00	0.00	0.00	0.00	0.00	0.00	0.00	0.00	0.00	0.00	0.00
252L 1.00	0.00	0.00	0.00	0.00	0.01	0.00	0.00	0.04	0.00	1.00	0.01	0.00	0.00	0.00	0.00	0.00	0.00	0.01	0.00	0.00
253T 1.00	0.03	0.01	0.00	0.00	0.00	0.00	0.00	0.17	0.01	0.03	0.01	0.00	0.01	0.00	0.00	0.01	1.00	0.12	0.00	0.00
254I 1.00	0.00	0.00	0.00	0.00	0.00	0.00	0.00	1.00	0.00	0.00	0.00	0.00	0.00	0.00	0.00	0.00	0.00	0.00	0.00	0.00
255I 1.00	0.00	0.00	0.00	0.00	0.01	0.00	0.00	1.00	0.00	0.33	0.01	0.00	0.00	0.00	0.00	0.00	0.00	0.14	0.00	0.00
256T 1.00	0.01	0.00	0.00	0.00	0.00	0.00	0.00	0.00	0.00	0.00	0.00	0.00	0.00	0.00	0.00	0.05	1.00	0.00	0.00	0.00
257L 1.00	0.00	0.00	0.00	0.00	0.00	0.00	0.00	0.00	0.00	1.00	0.00	0.00	0.00	0.00	0.00	0.00	0.00	0.00	0.00	0.00
258E 1.00	0.00	0.00	0.00	1.00	0.00	0.00	0.00	0.00	0.00	0.00	0.00	0.00	0.00	0.00	0.00	0.00	0.00	0.00	0.00	0.00
259D 0.97	0.58	0.08	0.74	0.35	0.05	0.58	0.14	0.08	0.27	0.11	0.06	0.72	0.24	0.20	0.15	0.95	1.00	0.15	0.03	0.09
260S 1.00	0.56	0.05	0.40	0.63	0.07	0.27	0.16	0.15	0.78	0.24	0.09	0.38	0.40	0.60	0.66	1.00	0.76	0.23	0.03	0.09
261S 1.00	0.58	0.09	0.81	1.00	0.04	0.39	0.11	0.14	0.71	0.23	0.08	0.50	0.22	0.50	0.42	0.90	0.44	0.21	0.01	0.04
262G 1.00	0.00	0.00	0.00	0.00	0.00	1.00	0.00	0.00	0.00	0.00	0.00	0.00	0.00	0.00	0.00	0.00	0.00	0.00	0.00	0.00
263N 1.00	0.55	0.06	0.41	0.76	0.13	0.30	0.21	0.21	1.00	0.38	0.11	0.59	0.23	0.70	0.68	0.51	0.44	0.26	0.04	0.17
264L 1.00	0.01	0.00	0.00	0.00	0.02	0.00	0.00	0.05	0.00	1.00	0.02	0.00	0.00	0.00	0.00	0.00	0.01	0.52	0.00	0.00
265L 1.00	0.00	0.00	0.00	0.00	0.00	0.00	0.00	0.00	0.00	1.00	0.00	0.00	0.00	0.00	0.00	0.00	0.00	0.00	0.00	0.00
266G 1.00	0.00	0.00	0.00	0.00	0.00	1.00	0.00	0.00	0.00	0.00	0.00	0.00	0.00	0.00	0.00	0.00	0.00	0.00	0.00	0.00
267R 1.00	0.00	0.00	0.00	0.00	0.00	0.00	0.00	0.00	0.00	0.00	0.00	0.00	0.00	0.00	1.00	0.00	0.00	0.00	0.00	0.00
268N 1.00	0.06	0.01	0.45	0.09	0.01	0.21	0.06	0.01	0.09	0.01	0.01	0.84	0.05	0.06	1.00	0.20	0.07	0.01	0.01	0.03
269S 1.00	0.27	0.29	0.08	0.05	0.02	0.11	0.02	0.05	0.07	0.05	0.03	0.13	0.10	0.05	0.05	1.00	0.70	0.09	0.01	0.02
270F 1.00	0.00	0.00	0.00	0.00	1.00	0.00	0.00	0.00	0.00	0.00	0.00	0.00	0.00	0.00	0.00	0.00	0.00	0.00	0.00	0.00
271E 1.00	0.00	0.00	0.00	1.00	0.00	0.00	0.00	0.00	0.00	0.00	0.00	0.00	0.00	0.00	0.00	0.00	0.00	0.00	0.00	0.00
272V 1.00	0.25	0.02	0.01	0.02	0.01	0.20	0.00	0.01	0.02	0.02	0.01	0.01	0.04	0.01	0.01	0.09	0.03	1.00	0.00	0.01
273R 1.00	0.00	0.00	0.00	0.00	0.00	0.00	0.00	0.00	0.00	0.00	0.00	0.00	0.00	0.00	1.00	0.00	0.00	0.00	0.00	0.00
274V 1.00	0.00	0.00	0.00	0.00	0.00	0.00	0.00	0.35	0.00	0.02	0.00	0.00	0.00	0.00	0.00	0.00	0.00	1.00	0.00	0.00
275C 1.00	0.00	1.00	0.00	0.00	0.00	0.00	0.00	0.00	0.00	0.00	0.00	0.00	0.00	0.00	0.00	0.00	0.00	0.00	0.00	0.00
276A 1.00	1.00	0.00	0.00	0.00	0.00	0.00	0.00	0.00	0.00	0.00	0.00	0.00	0.00	0.00	0.00	0.00	0.00	0.00	0.00	0.00
277C 1.00	0.00	1.00	0.00	0.00	0.00	0.00	0.00	0.00	0.00	0.00	0.00	0.00	0.00	0.00	0.00	0.00	0.00	0.00	0.00	0.00
278P 1.00	0.00	0.00	0.00	0.00	0.00	0.00	0.00	0.00	0.00	0.00	0.00	0.00	1.00	0.00	0.00	0.00	0.00	0.00	0.00	0.00
279G 1.00	0.00	0.00	0.00	0.00	0.00	1.00	0.00	0.00	0.00	0.00	0.00	0.00	0.00	0.00	0.00	0.00	0.00	0.00	0.00	0.00
280R 1.00	0.00	0.00	0.00	0.00	0.00	0.00	0.00	0.00	0.00	0.00	0.00	0.00	0.00	0.00	1.00	0.00	0.00	0.00	0.00	0.00
281D 1.00	0.00	0.00	1.00	0.00	0.00	0.00	0.00	0.00	0.00	0.00	0.00	0.00	0.00	0.00	0.00	0.00	0.00	0.00	0.00	0.00
282R 1.00	0.00	0.00	0.00	0.00	0.00	0.00	0.00	0.00	0.00	0.00	0.00	0.00	0.00	0.00	1.00	0.00	0.00	0.00	0.00	0.00
283R 1.00	0.01	0.00	0.00	0.01	0.00	0.01	0.01	0.00	1.00	0.01	0.00	0.01	0.01	0.02	0.88	0.01	0.01	0.00	0.00	0.00
284T 1.00	0.21	0.00	0.00	0.00	0.00	0.00	0.00	0.08	0.00	0.01	0.00	0.01	0.01	0.00	0.00	0.02	1.00	0.03	0.00	0.00
285E 1.00	0.01	0.00	0.24	1.00	0.00	0.00	0.00	0.00	0.01	0.00	0.00	0.00	0.01	0.01	0.00	0.00	0.00	0.00	0.00	0.00
286E 1.00	0.00	0.00	0.00	1.00	0.00	0.00	0.00	0.00	0.00	0.00	0.00	0.00	0.00	0.00	0.00	0.00	0.00	0.00	0.00	0.00
287E 1.00	0.24	0.02	0.49	1.00	0.02	0.20	0.04	0.13	0.37	0.10	0.03	0.16	0.09	0.19	0.17	0.37	0.25	0.09	0.01	0.01
288N 1.00	0.01	0.00	0.03	0.01	0.00	0.02	0.12	0.00	0.01	0.00	0.00	1.00	0.00	0.01	0.00	0.18	0.01	0.00	0.00	0.00
289L 1.00	0.08	0.03	0.03	0.04	1.00	0.05	0.08	0.18	0.04	0.42	0.04	0.05	0.03	0.04	0.11	0.20	0.06	0.08	0.03	0.40
290R 1.00	0.04	0.00	0.02	0.15	0.01	0.02	0.09	0.01	0.38	0.07	0.01	0.03	0.02	0.21	1.00	0.03	0.24	0.02	0.00	0.01
291K 1.00	0.01	0.00	0.01	0.11	0.00	0.00	0.00	0.00	1.00	0.00	0.00	0.00	0.00	0.01	0.02	0.00	0.00	0.00	0.00	0.00
292K 1.00	0.13	0.01	0.23	0.17	0.01	0.06	0.02	0.03	1.00	0.05	0.11	0.08	0.05	0.57	0.28	0.24	0.23	0.05	0.00	0.01
293G 0.91	0.29	0.02	0.58	1.00	0.03	0.79	0.08	0.03	0.27	0.06	0.02	0.27	0.15	0.69	0.13	0.22	0.13	0.06	0.01	0.04
294E 0.91	0.53	0.03	0.41	1.00	0.03	0.29	0.08	0.11	0.60	0.18	0.06	0.29	0.20	0.45	0.31	0.43	0.33	0.24	0.01	0.03
295P 0.94	0.70	0.07	0.44	0.69	0.13	0.31	0.20	0.19	0.84	0.52	0.11	0.41	0.67	0.44	0.44	1.00	0.89	0.29	0.04	0.16
296H 0.97	0.76	0.08	0.69	1.00	0.07	0.43	0.15	0.19	0.94	0.31	0.11	0.58	0.28	0.60	0.54	0.76	0.58	0.29	0.02	0.08
297H 0.97	0.63	0.04	0.52	1.00	0.04	0.38	0.15	0.16	0.88	0.35	0.09	0.49	0.97	0.49	0.59	0.73	0.67	0.24	0.02	0.04
298E 0.94	0.31	0.02	0.32	1.00	0.02	0.20	0.04	0.06	0.36	0.10	0.08	0.17	0.09	0.20	0.18	0.51	0.22	0.10	0.01	0.01
299L 0.91	1.00	0.11	0.51	0.79	0.12	0.38	0.14	0.38	0.80	0.50	0.15	0.45	0.40	0.50	0.45	0.88	0.93	0.72	0.04	0.12
300P 0.94	0.25	0.01	0.12	0.19	0.02	0.16	0.03	0.10	0.43	0.06	0.02	0.22	1.00	0.12	0.11	0.17	0.35	0.06	0.01	0.02
301P 0.97	0.31	0.01	0.15	0.09	0.01	0.19	0.01	0.01	0.30	0.03	0.01	0.06	1.00	0.05	0.04	0.09	0.15	0.03	0.00	0.01
302G 0.97	0.87	0.04	0.62	0.77	0.04	1.00	0.09	0.14	0.91	0.23	0.08	0.45	0.34	0.56	0.61	0.63	0.60	0.22	0.01	0.03
303S 1.00	0.55	0.03	0.40	0.50	0.03	0.35	0.06	0.09	0.53	0.21	0.05	0.29	0.14	0.34	0.26	1.00	0.38	0.22	0.01	0.02
304T 1.00	0.44	0.01	0.08	0.11	0.01	0.14	0.02	0.17	0.19	0.04	0.02	0.13	0.05	0.07	0.06	0.44	1.00	0.05	0.00	0.01
305K 1.00	0.01	0.00	0.00	0.01	0.00	0.00	0.00	0.00	1.00	0.01	0.00	0.01	0.00	0.01	0.08	0.11	0.01	0.00	0.00	0.00
306R 1.00	0.01	0.00	0.00	0.01	0.00	0.01	0.01	0.00	0.14	0.01	0.00	0.01	0.01	0.02	1.00	0.05	0.08	0.00	0.00	0.00
307A 1.00	1.00	0.01	0.05	0.16	0.00	0.04	0.01	0.02	0.13	0.03	0.01	0.04	0.12	0.05	0.10	0.28	0.05	0.06	0.00	0.00
308L 1.00	0.04	0.01	0.01	0.01	0.25	0.01	0.01	0.14	0.13	1.00	0.25	0.01	0.01	0.02	0.06	0.01	0.02	0.13	0.01	0.03
309P 1.00	0.21	0.01	0.07	0.13	0.01	0.06	0.03	0.03	0.74	0.05	0.02	0.07	1.00	0.17	0.27	0.26	0.08	0.11	0.00	0.01
310N 1.00	0.75	0.05	0.62	1.00	0.05	0.36	0.16	0.18	0.94	0.29	0.10	0.51	0.35	0.69	0.50	0.83	0.82	0.27	0.02	0.04
311N 1.00	0.72	0.08	0.55	0.91	0.05	0.41	0.16	0.17	0.88	0.27	0.09	0.68	0.45	0.52	0.46	1.00	0.53	0.25	0.02	0.05
312T 1.00	0.12	0.03	0.14	0.05	0.01	0.07	0.05	0.04	0.06	0.04	0.02	0.15	0.21	0.05	0.04	0.56	1.00	0.06	0.01	0.02
313S 1.00	0.33	0.02	0.21	0.44	0.03	0.13	0.13	0.07	0.30	0.18	0.04	0.23	0.21	0.19	0.17	1.00	0.24	0.10	0.01	0.04
314S 1.00	0.44	0.01	0.01	0.01	0.01	0.16	0.00	0.01	0.01	0.01	0.01	0.01	0.11	0.01	0.01	1.00	0.11	0.02	0.00	0.00
315S 1.00	0.37	0.02	0.18	0.35	0.02	0.17	0.04	0.12	0.26	0.09	0.03	0.15	0.16	0.17	0.15	1.00	0.42	0.20	0.01	0.02
316P 1.00	0.08	0.01	0.06	0.22	0.01	0.13	0.01	0.08	0.19	0.03	0.01	0.04	1.00	0.05	0.05	0.16	0.05	0.02	0.00	0.01
317Q 1.00	0.76	0.06	0.61	1.00	0.07	0.38	0.14	0.21	0.94	0.32	0.11	0.48	0.33	0.66	0.53	0.72	0.56	0.29	0.02	0.07
318P 1.00	0.34	0.02	0.37	0.45	0.02	0.13	0.04	0.06	0.80	0.10	0.04	0.17	1.00	0.70	0.18	0.35	0.34	0.10	0.01	0.01
319K 1.00	0.01	0.00	0.07	0.12	0.00	0.01	0.00	0.00	1.00	0.00	0.00	0.02	0.01	0.01	0.01	0.11	0.01	0.00	0.00	0.00
320K 0.94	0.10	0.00	0.04	0.08	0.00	0.08	0.01	0.01	1.00	0.02	0.01	0.16	0.02	0.04	0.35	0.13	0.04	0.02	0.00	0.00
321K 0.94	0.16	0.01	0.10	0.20	0.01	0.05	0.02	0.02	1.00	0.04	0.01	0.06	0.03	0.07	0.70	0.35	0.17	0.03	0.00	0.01
322P 0.91	0.54	0.04	0.36	0.64	0.08	0.23	0.29	0.13	0.60	0.32	0.07	0.29	1.00	0.34	0.31	0.71	0.46	0.30	0.02	0.09
323L 0.91	1.00	0.10	0.25	0.39	0.11	0.55	0.10	0.12	0.36	0.33	0.08	0.21	0.28	0.24	0.23	0.63	0.33	0.25	0.03	0.13
324D 0.97	0.00	0.00	1.00	0.01	0.00	0.01	0.00	0.00	0.01	0.00	0.00	0.07	0.00	0.00	0.00	0.05	0.00	0.00	0.00	0.00
325G 0.97	0.25	0.02	0.71	0.75	0.02	1.00	0.08	0.04	0.41	0.06	0.02	0.53	0.10	0.18	0.12	0.25	0.15	0.06	0.01	0.04
326E 1.00	0.01	0.00	0.11	1.00	0.00	0.00	0.00	0.00	0.01	0.00	0.00	0.00	0.00	0.01	0.00	0.00	0.00	0.00	0.00	0.00
327Y 1.00	0.06	0.02	0.01	0.02	0.07	0.02	0.01	1.00	0.02	0.39	0.10	0.02	0.01	0.01	0.02	0.02	0.09	0.83	0.01	0.33
328F 1.00	0.00	0.00	0.00	0.00	1.00	0.00	0.00	0.01	0.00	0.10	0.00	0.00	0.00	0.00	0.00	0.00	0.00	0.01	0.01	0.44
329T 1.00	0.22	0.06	0.09	0.10	0.19	0.12	0.18	0.16	0.15	0.22	0.08	0.15	0.10	0.11	0.14	0.35	1.00	0.20	0.05	0.43
330L 0.97	0.00	0.00	0.00	0.00	0.04	0.00	0.00	0.02	0.00	1.00	0.06	0.00	0.00	0.00	0.00	0.00	0.00	0.05	0.00	0.00
331Q 0.97	0.12	0.01	0.09	0.22	0.01	0.06	0.13	0.03	0.63	0.12	0.02	0.09	0.17	1.00	0.27	0.22	0.10	0.05	0.01	0.02
332I 0.94	0.00	0.00	0.00	0.00	0.00	0.00	0.00	1.00	0.00	0.02	0.00	0.00	0.00	0.00	0.00	0.00	0.00	0.65	0.00	0.00
333R 0.94	0.01	0.00	0.00	0.01	0.00	0.00	0.00	0.00	0.13	0.01	0.00	0.01	0.00	0.01	1.00	0.00	0.01	0.00	0.00	0.04
334G 0.94	0.00	0.00	0.00	0.00	0.00	1.00	0.00	0.00	0.00	0.00	0.00	0.00	0.00	0.00	0.00	0.00	0.00	0.00	0.00	0.00
335R 0.94	0.01	0.00	0.00	0.01	0.06	0.01	0.04	0.00	0.23	0.01	0.00	0.01	0.01	0.06	1.00	0.01	0.01	0.01	0.00	0.00
336E 0.91	0.09	0.00	0.05	1.00	0.00	0.03	0.01	0.01	0.35	0.02	0.01	0.13	0.02	0.05	0.14	0.13	0.04	0.02	0.00	0.00
337R 0.91	0.01	0.00	0.00	0.02	0.00	0.01	0.01	0.00	0.14	0.01	0.00	0.17	0.01	0.03	1.00	0.01	0.10	0.01	0.00	0.01
338F 0.91	0.00	0.00	0.00	0.00	0.74	0.00	0.00	0.01	0.00	0.02	0.00	0.00	0.00	0.00	0.00	0.00	0.00	0.01	0.02	1.00
339E 0.91	0.02	0.00	0.04	1.00	0.00	0.01	0.01	0.00	0.09	0.07	0.00	0.01	0.01	0.02	0.02	0.01	0.01	0.01	0.00	0.00
340M 0.91	0.01	0.00	0.00	0.00	0.19	0.00	0.00	0.34	0.00	0.16	1.00	0.00	0.01	0.01	0.00	0.00	0.01	0.04	0.10	0.05
341F 0.91	0.02	0.01	0.00	0.01	0.65	0.00	0.00	0.23	0.01	1.00	0.07	0.01	0.01	0.01	0.01	0.01	0.01	0.06	0.01	0.01
342R 0.91	0.05	0.01	0.01	0.07	0.01	0.04	0.05	0.02	1.00	0.15	0.15	0.05	0.04	0.24	0.75	0.04	0.06	0.03	0.01	0.02
343E 0.91	0.05	0.00	0.10	0.92	0.01	0.05	0.02	0.01	1.00	0.02	0.01	0.11	0.03	0.06	0.06	0.16	0.04	0.01	0.00	0.01
344L 0.91	0.01	0.00	0.00	0.00	0.10	0.00	0.00	0.63	0.00	1.00	0.02	0.00	0.00	0.00	0.00	0.00	0.01	0.14	0.00	0.00
345N 0.91	0.01	0.00	0.03	0.01	0.00	0.03	0.01	0.00	0.21	0.00	0.00	1.00	0.01	0.01	0.02	0.02	0.01	0.00	0.00	0.00
346E 0.91	0.02	0.00	0.72	1.00	0.00	0.01	0.00	0.00	0.02	0.00	0.00	0.01	0.01	0.02	0.01	0.01	0.01	0.00	0.00	0.00
347A 0.91	1.00	0.01	0.01	0.01	0.00	0.36	0.00	0.00	0.01	0.01	0.00	0.01	0.02	0.01	0.01	0.52	0.01	0.01	0.00	0.00
348L 0.91	0.00	0.00	0.00	0.00	0.05	0.00	0.00	0.01	0.00	1.00	0.01	0.00	0.00	0.00	0.00	0.00	0.00	0.01	0.00	0.00
349E 0.91	0.01	0.00	0.07	1.00	0.00	0.00	0.00	0.00	0.01	0.00	0.00	0.00	0.00	0.07	0.00	0.00	0.00	0.00	0.00	0.00
350L 0.89	0.00	0.00	0.00	0.00	0.04	0.00	0.00	0.01	0.00	1.00	0.01	0.00	0.00	0.00	0.00	0.00	0.00	0.01	0.00	0.00
351K 0.77	0.51	0.04	0.33	0.57	0.06	0.25	0.11	0.13	1.00	0.25	0.20	0.30	0.18	0.44	0.51	0.55	0.37	0.20	0.02	0.07
352D 0.77	0.01	0.00	1.00	0.56	0.00	0.01	0.00	0.00	0.01	0.00	0.00	0.01	0.01	0.02	0.00	0.01	0.01	0.00	0.00	0.00
353A 0.63	1.00	0.02	0.06	0.09	0.02	0.24	0.02	0.03	0.15	0.15	0.02	0.05	0.07	0.06	0.06	0.25	0.08	0.27	0.01	0.03
354Q 0.63	0.78	0.08	0.63	1.00	0.16	0.41	0.20	0.24	0.92	0.39	0.13	0.51	0.29	0.64	0.55	0.74	0.59	0.37	0.05	0.19
355A 0.63	1.00	0.04	0.42	0.50	0.03	0.22	0.07	0.10	0.43	0.15	0.06	0.28	0.40	0.39	0.24	0.84	0.66	0.16	0.01	0.03
356G 0.63	0.80	0.05	0.62	1.00	0.05	0.47	0.11	0.18	0.88	0.30	0.10	0.49	0.28	0.59	0.49	0.71	0.56	0.30	0.02	0.04
357K 0.63	0.32	0.01	0.16	0.41	0.01	0.10	0.04	0.05	1.00	0.08	0.03	0.13	0.20	0.26	0.37	0.34	0.15	0.08	0.01	0.01
358E 0.63	0.21	0.01	0.38	1.00	0.01	0.13	0.03	0.04	0.19	0.06	0.02	0.10	0.07	0.14	0.19	0.15	0.12	0.15	0.00	0.01
359P 0.63	0.41	0.02	0.06	0.08	0.01	0.06	0.02	0.03	0.22	0.04	0.12	0.07	1.00	0.06	0.05	0.76	0.38	0.05	0.01	0.01
360G 0.63	0.52	0.09	0.84	0.89	0.26	1.00	0.29	0.27	0.51	0.32	0.11	0.64	0.23	0.39	0.32	0.64	0.39	0.27	0.07	0.43
361G 0.63	0.56	0.04	0.63	1.00	0.04	0.39	0.10	0.14	0.91	0.23	0.11	0.37	0.21	0.46	0.49	0.54	0.42	0.21	0.01	0.03
362S 0.63	0.52	0.20	0.25	0.30	0.66	0.38	0.52	0.37	0.32	0.62	0.21	0.37	0.21	0.32	0.35	0.62	0.42	0.50	0.17	1.00
363R 0.63	0.03	0.00	0.01	0.04	0.01	0.11	0.02	0.01	0.25	0.03	0.01	0.03	0.07	0.06	1.00	0.03	0.03	0.02	0.00	0.01
364A 0.60	1.00	0.03	0.30	0.49	0.04	0.21	0.07	0.10	0.59	0.23	0.06	0.24	0.25	0.50	0.30	0.44	0.29	0.16	0.01	0.04
365H 0.60	0.44	0.20	0.20	0.29	0.42	0.29	1.00	0.27	0.78	0.52	0.15	0.31	0.19	0.33	0.54	0.44	0.38	0.36	0.12	0.60
366S 0.60	0.61	0.23	0.23	0.32	0.64	0.42	0.47	0.35	0.33	0.63	0.20	0.31	0.26	0.30	0.42	1.00	0.41	0.46	0.16	0.85
367S 0.60	0.35	0.03	0.35	0.42	0.04	0.17	0.07	0.10	0.51	0.22	0.10	0.24	0.13	0.26	0.23	1.00	0.45	0.15	0.01	0.04
368H 0.60	0.56	0.16	0.32	0.54	0.60	0.39	0.66	0.37	0.89	0.63	0.21	0.42	0.26	0.48	0.77	0.47	0.54	0.48	0.17	1.00
369L 0.60	0.57	0.16	0.22	0.33	0.48	0.35	0.35	0.42	0.46	1.00	0.22	0.27	0.25	0.30	0.36	0.42	0.36	0.43	0.12	0.60
370K 0.60	0.01	0.00	0.00	0.01	0.00	0.01	0.01	0.00	1.00	0.01	0.00	0.07	0.01	0.02	0.22	0.01	0.01	0.00	0.00	0.00
371S 0.60	0.52	0.04	0.22	0.32	0.03	0.18	0.05	0.10	0.50	0.13	0.05	0.21	0.23	0.21	0.19	1.00	0.65	0.26	0.01	0.03
372K 0.57	0.13	0.00	0.03	0.15	0.00	0.02	0.01	0.01	1.00	0.01	0.00	0.01	0.01	0.03	0.04	0.02	0.02	0.01	0.00	0.00
373K 0.57	0.02	0.00	0.09	0.11	0.00	0.01	0.01	0.00	1.00	0.01	0.00	0.01	0.01	0.02	0.11	0.01	0.01	0.01	0.00	0.00
374G 0.57	0.02	0.00	0.18	0.03	0.00	1.00	0.02	0.00	0.03	0.00	0.00	0.18	0.02	0.02	0.10	0.05	0.02	0.00	0.00	0.01
375Q 0.54	0.54	0.06	0.24	0.47	0.09	0.36	0.17	0.13	1.00	0.25	0.09	0.28	0.31	0.88	0.82	0.41	0.33	0.27	0.04	0.14
376S 0.54	0.21	0.01	0.03	0.12	0.01	0.18	0.01	0.01	0.04	0.02	0.01	0.03	0.03	0.03	0.02	1.00	0.15	0.03	0.00	0.01
377T 0.54	0.60	0.07	0.11	0.09	0.03	0.25	0.03	0.08	0.12	0.09	0.05	0.17	0.27	0.09	0.08	0.82	1.00	0.16	0.02	0.03
378S 0.54	0.12	0.01	0.07	0.04	0.01	0.18	0.02	0.01	0.23	0.02	0.01	0.08	0.04	0.03	0.04	1.00	0.05	0.02	0.00	0.01
379R 0.54	0.12	0.10	0.03	0.16	0.03	0.09	0.10	0.05	0.85	0.12	0.04	0.12	0.09	0.30	1.00	0.10	0.13	0.07	0.02	0.05
380H 0.54	0.36	0.08	0.19	0.31	0.26	0.36	0.56	0.19	1.00	0.41	0.12	0.33	0.19	0.41	0.90	0.31	0.29	0.25	0.08	0.39
381K 0.57	0.00	0.00	0.00	0.00	0.00	0.00	0.00	0.00	1.00	0.00	0.00	0.00	0.00	0.00	0.00	0.00	0.00	0.00	0.00	0.00
382K 0.57	0.00	0.00	0.00	0.00	0.00	0.00	0.00	0.00	1.00	0.00	0.00	0.00	0.00	0.00	0.00	0.00	0.00	0.00	0.00	0.00
383L 0.57	0.32	0.07	0.06	0.12	0.22	0.07	0.09	0.48	0.24	1.00	0.23	0.09	0.13	0.14	0.21	0.15	0.27	0.58	0.04	0.12
384M 0.57	0.01	0.00	0.00	0.00	0.02	0.00	0.00	0.09	0.00	0.44	1.00	0.00	0.00	0.00	0.00	0.00	0.00	0.02	0.00	0.00
385F 0.57	0.04	0.01	0.01	0.01	0.39	0.01	0.00	0.75	0.01	0.54	0.07	0.01	0.01	0.01	0.01	0.01	0.04	1.00	0.01	0.02
386K 0.57	0.00	0.00	0.00	0.00	0.00	0.00	0.00	0.00	1.00	0.00	0.00	0.00	0.00	0.00	0.00	0.00	0.00	0.00	0.00	0.00
387T 0.57	0.28	0.02	0.62	0.81	0.02	0.14	0.06	0.06	0.57	0.11	0.04	0.19	0.12	0.26	1.00	0.25	0.26	0.10	0.01	0.02
388E 0.57	0.05	0.00	0.07	1.00	0.01	0.02	0.01	0.02	0.03	0.02	0.01	0.01	0.02	0.04	0.01	0.02	0.02	0.13	0.00	0.01
389G 0.57	0.06	0.01	0.06	0.06	0.01	1.00	0.03	0.01	0.46	0.03	0.01	0.07	0.03	0.19	0.14	0.06	0.04	0.02	0.00	0.02
390P 0.57	1.00	0.19	0.11	0.12	0.08	0.50	0.04	0.13	0.14	0.37	0.08	0.12	0.91	0.10	0.10	0.85	0.45	0.29	0.02	0.07
391D 0.57	0.00	0.00	1.00	0.00	0.00	0.00	0.00	0.00	0.00	0.00	0.00	0.00	0.00	0.00	0.00	0.00	0.00	0.00	0.00	0.00
392S 0.57	0.00	0.00	0.00	0.00	0.00	0.00	0.00	0.00	0.00	0.00	0.00	0.00	0.00	0.00	0.00	1.00	0.00	0.00	0.00	0.00
393D 0.57	0.01	0.00	1.00	0.14	0.00	0.01	0.00	0.00	0.01	0.00	0.00	0.01	0.01	0.01	0.00	0.01	0.00	0.00	0.00	0.0